Electric (kWh)	Apley Court	5200	695	6320	842	8880	1188	7360	1002	7200	984	6480	873	4880	640	6400	840	6320	830	6640	872	6960	914	4400	578	6240	905	8473	1229	9780	1418	6960	1009
Electric (kWh)	Canaday Hall	30804	4115	35274	4699	48842	6535	40482	5514	53417	7302	50695	6829	43388	5693	49637	6517	43797	5751	43882	5762	42520	5583	27176	3568	42316	6136	37783	5479	48268	6999	48090	6973
Electric (kWh)	Grays Hall 	7661	1024	8315	1108	10700	1432	10488	1428	11419	1561	10790	1453	8205	1077	10494	1378	10254	1346	10518	1381	10776	1415	5854	769	5980	867	5162	748	8768	1271	8917	1293
Electric (kWh)	Greenough Hall	10504	1403	10560	1407	12569	1682	12018	1637	13895	1899	13280	1789	10414	1366	13180	1731	12621	1657	12998	1707	12847	1687	7511	986	8475	1229	8182	1186	12959	1879	14737	2137
Electric (kWh)	Hollis Hall	7044	941	7159	954	7708	1031	7866	1071	9312	1273	8828	1189	6792	891	8474	1113	8401	1103	8480	1113	8209	1078	4501	591	7387	1071	6655	965	8097	1174	8662	1256
Electric (kWh)	Holworthy Hall 	7733	1033	7011	934	7019	939	7083	965	7934	1085	7830	1055	6258	821	7797	1024	7392	971	7187	944	7339	964	4074	535	3831	555	3375	489	7635	1107	7597	1102
Electric (kWh)	Hurlbut Hall 	7087	947	7116	948	8762	1172	9538	1299	11232	1535	10260	1382	8018	1052	10657	1399	10274	1349	10536	1383	10341	1358	5145	676	8861	1285	8780	1273	10944	1587	11276	1635
Electric (kWh)	Lionel Hall	1387	185	1991	265	3256	436	2864	390	3408	466	3175	428	2845	373	3010	395	3052	401	2922	384	2818	370	1688	222	3230	468	2865	415	3420	496	3058	443
Electric (kWh)	Matthews Hall 	15059	2012	17407	2319	18801	2516	18420	2509	19517	2668	17953	2419	14583	1913	17721	2327	16452	2160	16786	2204	18206	2390	11105	1459	17232	2498	17565	2547	23408	3394	24085	3491
Electric (kWh)	Mower Hall 	1250	167	1489	198	2654	355	2456	335	3012	412	2880	388	2232	293	2772	364	2628	345	2706	355	2714	356	1365	179	2570	373	2519	365	2923	424	2942	427
Electric (kWh)	Pennypacker Hall 	6654	889	6857	913	10752	1438	10840	1477	11637	1590	10992	1480	8063	1058	10875	1428	10367	1361	10658	1399	10886	1429	5191	681	10144	1471	8766	1272	10214	1481	11062	1604
Electric (kWh)	Stoughton Hall 	8951	1196	9004	1199	11357	1520	11752	1601	13268	1814	12098	1630	8252	1083	10942	1437	10805	1419	10970	1440	11565	1519	5415	711	9503	1378	7682	1114	10019	1453	11423	1656
Electric (kWh)	Straus Hall 	6985	933	6322	842	9295	1244	7600	1035	9205	1258	9637	1298	8179	1073	9479	1245	8714	1144	8568	1125	8465	1111	5791	760	11050	1602	10529	1527	11647	1689	9879	1432
Electric (kWh)	Thayer Hall	21020	2809	22658	3019	25314	3387	25069	3414	30266	4137	27226	3667	22181	2910	26976	3542	26843	3525	26421	3469	28054	3684	15529	2039	25516	3700	21336	3094	28278	4100	27987	4058
Electric (kWh)	Weld Hall 	18588	2483	18942	2523	25562	3420	26789	3649	29785	4072	27053	3644	19512	2560	26825	3522	25735	3379	25489	3347	27082	3556	13285	1744	12570	1823	12065	1749	22139	3210	21428	3107
Electric (kWh)	Wigglesworth Hall 	28111	3756	29967	3991	33059	4423	30788	4194	33007	4512	30803	4149	24476	3211	28932	3798	27399	3597	27819	3653	30057	3947	18150	2383	31995	4639	28454	4126	32089	4653	31750	4604
Natural Gas (Therms)	Apley Court	116	81	110	78	145	98	171	113	187	36	147	128	162	146	199	178	150	139	177	161	158	130	91	40	100	71	104	0	131	166		0
Natural Gas (Therms)	Canaday Hall	325	162	246	124	427	211	422	209	623	432	459	333	359	269	606	450	524	390	541	403	392	167	269	106	278	129	244	115	362	167		0
Natural Gas (Therms)	Grays Hall 	114	57	86	43	149	74	148	73	218	151	161	117	126	94	212	158	183	136	189	141	137	58	94	37	97	45	85	40	127	59		0
Natural Gas (Therms)	Greenough Hall	123	85	93	68	143	97	189	123	237	185	200	100	137	126	306	264	235	207	305	263	192	177	78	0	139	0	14	0	129	208		0
Natural Gas (Therms)	Hollis Hall	83	42	63	32	110	54	109	54	160	111	118	86	92	69	156	116	135	100	139	104	101	43	69	27	71	33	63	29	93	43		0
Natural Gas (Therms)	Holworthy Hall 	102	51	77	39	134	66	133	66	196	136	144	105	113	85	190	142	165	123	170	127	123	53	85	33	87	41	77	36	114	53		0
Natural Gas (Therms)	Hurlbut Hall 	100	79	78	67	104	81	150	101	191	159	151	78	100	105	243	223	176	169	233	215	147	159	65	13	113	78	78	9	104	137	0	0
Natural Gas (Therms)	Lionel Hall	63	31	47	24	82	41	81	40	120	83	88	64	69	52	117	87	101	75	104	78	76	32	52	21	54	25	47	22	70	32		0
Natural Gas (Therms)	Matthews Hall 	230	114	174	88	302	150	299	148	440	306	324	236	254	190	429	319	370	276	383	285	277	118	190	75	196	91	172	81	256	118		0
Natural Gas (Therms)	Mower Hall 	63	31	47	24	82	41	81	40	120	83	88	64	69	52	117	87	101	75	104	78	76	32	52	21	54	25	47	22	70	32		0
Natural Gas (Therms)	Pennypacker Hall 	93	68	89	66	139	94	192	125	246	192	219	117	157	142	310	267	243	214	317	273	60	110	89	2	181	114	68	0	154	159		0
Natural Gas (Therms)	Stoughton Hall 	83	42	63	32	110	54	109	54	160	111	118	86	92	69	156	116	135	100	139	104	101	43	69	27	71	33	63	29	93	43		0
Natural Gas (Therms)	Straus Hall 	109	54	83	42	143	71	142	70	209	145	154	112	120	90	203	151	176	131	182	135	132	56	90	36	93	43	82	38	122	56		0
Natural Gas (Therms)	Thayer Hall	179	89	135	68	235	116	232	115	343	238	252	183	197	148	333	248	288	214	298	222	216	92	148	59	153	71	134	63	199	92		0
Natural Gas (Therms)	Weld Hall 	179	89	135	68	235	116	232	115	343	238	252	183	197	148	333	248	288	214	298	222	216	92	148	59	153	71	134	63	199	92		0
Natural Gas (Therms)	Wigglesworth Hall 	257	128	195	98	338	168	335	166	494	343	364	264	284	213	481	357	415	309	429	319	311	132	213	84	220	103	193	91	287	133		0
Steam (MMBtu)	Apley Court		0		0		0	28	743	203	5789	251	8174	173	4996	181	5234	145	4183	117	3389	69	1983	35	1011		0		0		0	42	1257
Steam (MMBtu)	Canaday Hall	70	2068	57	1604	57	1917	133	3560	350	9976	520	16930	657	19019	781	22577	550	15891	479	13849	367	10601	73	2097		0		0	20	602	332	9990
Steam (MMBtu)	Grays Hall 		0		0		0	15	390	85	2422	96	3129	161	4669	180	5210	107	3081	93	2701	52	1506	4	118		0		0		0	24	714
Steam (MMBtu)	Greenough Hall		0		0	5	165	59	1576	109	3114	150	4894	242	6990	283	8189	202	5846	161	4658	79	2276	10	285		0		0	9	283	78	2357
Steam (MMBtu)	Hollis Hall		0		0		0	27	732	65	1840	97	3151	133	3838	165	4770	126	3628	104	3009	57	1643	3	97		0		0	3	80	47	1412
Steam (MMBtu)	Holworthy Hall 		8		0		0	58	1560	132	3772	178	5791	210	6072	293	8471	461	13329	335	9695	179	5179	38	1101		0		0		0	45	1369
Steam (MMBtu)	Hurlbut Hall 		0		0		0	6	153	11	303	50	1639	133	3848	150	4344	113	3276	103	2967	64	1858	6	167		0		0	3	81	38	1140
Steam (MMBtu)	Lionel Hall		0		0		0	23	615	45	1285	67	2172	103	2971	113	3259	79	2271	61	1772	37	1081	4	110		0		0	3	97	27	813
Steam (MMBtu)	Matthews Hall 		0		0		0	22	577	96	2734	152	4944	225	6508	319	9219	277	8005	190	5491	69	1983		1		0		0		0	32	964
Steam (MMBtu)	Mower Hall 		0		0		0	23	615	45	1285	67	2172	103	2971	113	3259	79	2271	61	1772	37	1081	4	110		0		0	3	97	27	813
Steam (MMBtu)	Pennypacker Hall 		0		0		0	31	839	98	2792	149	4851	193	5593	243	7010	180	5208	158	4558	100	2884	3	95		0		0		0	35	1045
Steam (MMBtu)	Stoughton Hall 		0		0		0	27	717	63	1802	95	3086	130	3758	162	4671	123	3553	102	2947	56	1609	3	95		0		0	3	79	46	1383
Steam (MMBtu)	Straus Hall 		0		0		0	17	460	50	1433	82	2684	133	3862	163	4717	106	3070	88	2545	45	1314	2	62		0		0		0	22	662
Steam (MMBtu)	Thayer Hall	3	102	4	113	2	83	30	811	116	3301	200	6519	287	8310	357	10313	254	7341	210	6078	99	2866	10	283		0		0		0	45	1348
Steam (MMBtu)	Weld Hall 		0		0		0	54	1438	155	4422	229	7438	278	8031	318	9190	251	7262	204	5883	117	3367	5	157		0		0	3	75	65	1944
Steam (MMBtu)	Wigglesworth Hall 		0		0	21	685	79	2128	181	5169	290	9422	430	12434	479	13831	312	9019	212	6126	154	4459	60	1745	50	1511	50	1495	52	1578	99	2989
